0 434502471 470583313
1739362496 1919893972 48874906
2735409723 1968768878 16148586
3324522082 1858151799 61742173
4137416965 1984917464 25502361
470583313 2971682591 186824423
2751558309 2532295557 111781313
3664705516 1340674299 435773845
1851374390 3898529330 80666020
857422234 2010419825 207606184
1788237402 2418040507 63136988
1065028418 0 434502471
1499530889 2481177495 4578648
4162919326 2916167530 55515061
1670138099 3158507014 69224397
3386264255 905085784 278441261
2496170686 3979195350 239239037
4100479361 2879229926 36937604
1504109537 3227731411 166028562
657407736 2218026009 200014498
2909879036 3393759973 257495792
1932040410 2644076870 235153056
2167193466 3651255765 247273565
2863339622 2485756143 46539414
3167374828 1183527045 157147254
2414467031 1776448144 81703655