596652260 530461632 95173962
3845096173 1731990943 158117085
2243878974 1890108028 393769632
0 625635594 63651375
1920725725 753532949 155684321
63651375 329652856 200808776
264460151 0 60175490
1381444473 2283877660 346420873
4003213258 3594530530 47694548
548036821 60175490 46076186
4100105147 1678246429 53744514
2637648606 3642225078 292412911
324635641 106251676 223401180
4050907806 3545333189 49197341
4153849661 909217270 141117635
3455132509 3477799963 67533226
594113007 689286969 2539253
2930061517 2630298533 525070992
753532949 1050334905 627911524
3522665735 3155369525 322430438
2076410046 3934637989 167468928
1727865346 4102106917 192860379