2819195624 2690204780 252557843
1098298904 1339121422 10546957
499510245 852292683 97183057
4225167944 2372810194 69799352
887408376 1808006977 56225538
3071753467 4058417302 4632491
2455749676 3452467754 363445948
2243979338 3846646964 211770338
3076385958 4063049793 231917503
3860856553 2269547568 103262626
943633914 21067281 39980869
1388096097 1584043708 223963269
3493291351 2442609546 247595234
1801722612 949475740 41203502
264653767 678191385 102026845
3740886585 2942762623 89236706
1152866424 310132079 235229673
3830123291 3815913702 30733262
249083929 1568473870 15569838
1612059366 1506703078 61770792
366680612 545361752 132829633
1108845861 1992124969 44020563
596693302 1048406348 290715074
3467723121 2243979338 25568230
1879110833 1349668379 157034699
1858043552 0 21067281
3308303461 3293048094 159419660
3964119179 3031999329 261048765
983614783 780218230 72074453
1055689236 1005796680 42609668
1673830158 1864232515 127892454
1842926114 990679242 15117438
0 61048150 249083929