603287260 3766826980 8741130
572607531 3684982838 30679729
2084038135 1101548002 100083930
655933651 3228345771 56278566
1881393627 553997241 168332584
553997241 2882185871 18610290
627184746 1072799097 28748905
612028390 3397056204 15156356
1693489030 1430646491 187904597
3039118107 1734352525 2023479
220345266 0 43042720
840454312 3775568110 147781659
2184122065 3715662567 51164413
317040325 171240045 2422893
3245373536 4158663426 136303870
145773749 385599932 74571517
0 43042720 128197325
1490020808 4094893831 63769595
319463218 173662938 140708231
712212217 1821839294 128242095
128197325 314371169 17576424
2474405575 3923349769 171544062
2352890439 3105028111 121515136
3467140696 3318936261 78119943
2235286478 3226543247 1802524
4084196651 722329825 210770645
1553790403 933100470 139698627
1261006249 1201631932 229014559
263387986 331947593 53652339
3137034338 2900796161 108339198
988235971 3412212560 272770278
2237089002 1618551088 115801437
3381677406 1736376004 85463290
3545260639 1950081389 538936012
2049726211 3284624337 34311924
2645949637 2489017401 393168470
3041141586 3009135359 95892752