894548549 593866955 6252040
3168871398 327816880 11668092
3549766643 2935057349 16258370
1070236274 1304104659 106353135
900800589 723222576 35881223
2175309976 2744985745 82677694
3969615926 3819543751 36919401
4086160816 4015453657 208806480
0 360262147 233604808
3566025013 1514177176 87956572
3440195928 1874477761 44575925
1851853101 948479332 113304167
2969520516 3389635913 199350882
1504406289 1061783499 137386237
623007058 1630426233 244051528
1749186436 620555911 102666665
2154532801 339484972 20777175
1965157268 759103799 189375533
4007153882 3758595179 60948572
3180539490 2951315719 231363953
233604808 1471149229 43027947
276632755 1919053686 114911374
1176589409 0 327816880
867058586 1410457794 27489963
391544129 1199169736 4581933
603082303 600118995 19924755
4068102454 4276290379 18058362
3810625421 3856463152 158990505
2969008355 620043750 512161
3758595179 4224260137 52030242
396126062 3182679672 206956241
4006535327 4294348741 618555
3484771853 3588986795 64994790
2257987670 2033965060 711020685
1641792526 2827663439 107393910
3411903443 1602133748 28292485
1037034802 1437947757 33201472
936681812 1203751669 100352990